NAT,MOR,POB,POB_REAL,MOR_REAL,NAT_REAL,POB_REAL_SVG_MIGR,YEAR
4,26,1176,1176,16.0,9.0,1176,2010
3,25,1147,1169,22.0,7.0,1145,2011
3,24,1118,1154,25.0,3.0,1133,2012
3,23,1084,1132,19.0,5.0,1098,2013
3,22,1059,1118,24.0,5.0,1055,2014
2,22,1034,1099,20.0,2.0,1020,2015
2,22,1007,1081,10.0,2.0,987,2016
2,20,974,1073,28.0,4.0,994,2017
2,20,949,1049,13.0,3.0,967,2018
2,20,925,1039,22.0,3.0,947,2019
3,19,900,1020,34.0,4.0,939,2020
4,19,879,990,,,922,2021
